NAME : single
TYPE : ATSP
DIMENSION : 15
EDGE_WEIGHT_TYPE : EXPLICIT
EDGE_WEIGHT_FORMAT : FULL_MATRIX
EDGE_WEIGHT_SECTION
0 965 788 1471 1001 1122 1019 1553 1301 1184 532 762 387 917 328 
0 0 241 826 363 972 887 863 1158 1021 864 325 835 107 899 
0 241 0 718 227 1103 1016 1057 1251 1042 767 402 665 139 675 
0 826 718 0 506 125000 125000 1903 2053 1788 1480 1150 1400 779 1343 
0 363 227 506 0 1363 1280 1268 1514 1290 972 616 922 277 861 
0 972 1103 125000 1363 0 88 1380 295 267 981 791 1078 1092 1182 
0 887 1016 125000 1280 88 0 1266 274 196 822 604 904 957 986 
0 863 1057 1903 1268 1380 1266 0 1560 125000 1360 824 1432 949 1619 
0 1158 1251 2053 1514 295 274 1560 0 244 125000 963 1335 1307 1430 
0 1021 1042 1788 1290 267 196 125000 244 0 969 768 1010 1081 1099 
0 864 767 1480 972 981 822 1360 125000 969 0 608 165 831 337 
0 325 402 1150 616 791 604 824 963 768 608 0 575 356 753 
0 835 665 1400 922 1078 904 1432 1335 1010 165 575 0 744 189 
0 107 139 779 277 1092 957 949 1307 1081 831 356 744 0 734 
0 899 675 1343 861 1182 986 1619 1430 1099 337 753 189 734 0 
EOF